10
15
81.45 9.15 84.91 -8.98 82.47 0.00 4.20 31.47 17.65 7.33 0.00 25.31 -68.22 -8.46 75.69 
-85.86 76.81 -91.70 0.00 0.00 4.70 -81.16 15.80 -26.99 -76.26 0.00 43.11 14.25 0.00 13.83 
67.71 0.00 0.00 13.58 0.00 86.97 79.56 -11.28 0.00 0.00 64.56 -56.25 50.37 0.00 77.12 
-26.79 -46.84 75.15 -24.84 50.49 62.03 -53.37 50.18 -58.11 47.88 97.39 39.52 56.31 0.00 -44.59 
-51.46 1.88 81.24 0.00 -32.30 0.00 60.48 -91.02 72.73 -74.49 -76.04 -11.33 33.62 75.34 17.91 
97.16 21.24 -42.31 0.00 63.64 0.00 -6.47 65.11 27.74 -81.51 53.52 0.00 -29.86 0.00 0.00 
-71.79 66.59 0.00 -99.71 0.00 40.45 54.40 -32.36 29.25 -73.34 -95.46 0.00 22.33 55.90 99.98 
0.00 0.00 43.09 -85.92 0.00 10.55 20.43 0.00 -70.77 99.53 82.93 75.20 48.43 -68.54 -3.45 
-18.59 -91.41 10.40 2.44 1.86 -36.60 36.12 -38.34 26.95 62.01 -61.31 -70.85 -90.30 -37.92 97.98 
-54.70 -84.70 -14.96 0.15 0.00 0.00 90.78 67.27 -91.21 -38.66 -42.64 0.00 -28.79 -97.62 -76.41 
