15
10
0.00 90.42 7.27 60.87 32.22 -72.51 0.00 -65.73 31.76 -38.41 
-13.11 -50.12 -45.23 -94.48 78.26 0.00 -97.76 -30.77 -21.42 15.62 
7.38 0.00 50.80 -8.08 -46.93 48.45 83.10 95.64 38.80 0.00 
-95.49 65.13 -72.56 82.86 53.29 84.03 29.99 -77.41 -82.18 -79.55 
61.86 50.23 44.55 -26.93 0.00 -85.86 -4.98 87.93 0.00 -55.99 
82.46 34.62 63.14 0.00 48.92 0.00 54.02 6.72 -99.82 -93.27 
1.01 -42.93 0.00 -82.39 57.83 -92.78 62.12 82.35 82.02 11.48 
46.30 -75.97 -39.28 -23.58 -58.67 88.17 0.00 -24.84 -69.95 55.78 
0.00 72.61 50.01 -77.74 -99.33 0.00 3.49 0.00 -38.54 63.37 
-48.65 0.75 60.62 -63.16 -35.12 7.25 -73.88 -96.96 38.30 -40.82 
0.00 65.06 36.47 -76.34 -84.62 77.35 -46.75 -96.60 0.00 -4.34 
-4.56 0.00 -37.83 38.58 0.00 46.22 0.00 50.83 -73.91 0.00 
48.07 18.57 93.99 11.34 72.64 0.00 -48.88 -24.21 -3.14 -53.13 
0.00 0.00 58.18 50.30 0.00 0.00 -98.36 -62.42 82.94 0.00 
0.00 56.27 1.04 -2.01 52.61 63.32 -61.27 32.81 -61.52 -52.06 
